# Signatures Produced by ClassSig from 
#    Class-Grid __1000001
#    and Stack __1000000

#    Number of selected grids
/*           7
#    Layer-Number    Band-name
/*           1       Band_1
/*           2       Band_2
/*           3       Band_3
/*           4       Band_4
/*           5       Band_5
/*           6       Band_6
/*           7       Band_7

#  Type   Number of Classes   Number of Layers    Number of Parametric Layers
    1             4                  7                         7
# ===================================================================

#  Class ID     Number of Cells    Class Name
        1             50298         1
# Layers             1             2             3             4             5             6             7
# Means    
             1.492681e+02  2.042797e+02  3.055531e+02  1.674203e+02  5.788606e+01  2.124916e+01  1.284371e+01
# Covariance
    1        5.301760e+03  4.137337e+03  4.125441e+03  3.962429e+03  1.066247e+03 -4.571390e+01 -1.128267e+02
    2        4.137337e+03  3.988092e+03  5.112687e+03  3.899212e+03  8.508369e+02  8.817521e+01  1.899022e+01
    3        4.125441e+03  5.112687e+03  8.205768e+03  5.449402e+03  9.291710e+02  2.996839e+02  1.906149e+02
    4        3.962429e+03  3.899212e+03  5.449402e+03  4.748518e+03  1.150875e+03  4.234764e+02  2.502578e+02
    5        1.066247e+03  8.508369e+02  9.291710e+02  1.150875e+03  9.675414e+02  8.771891e+02  5.981918e+02
    6       -4.571390e+01  8.817521e+01  2.996839e+02  4.234764e+02  8.771891e+02  1.207260e+03  8.536730e+02
    7       -1.128267e+02  1.899022e+01  1.906149e+02  2.502578e+02  5.981918e+02  8.536730e+02  6.324348e+02
# -------------------------------------------------------------------

#  Class ID     Number of Cells    Class Name
        3            536903         3
# Layers             1             2             3             4             5             6             7
# Means    
             9.204220e+01  1.370393e+02  2.477254e+02  2.675232e+02  1.736982e+03  9.642009e+02  4.829640e+02
# Covariance
    1        4.408691e+03  4.427680e+03  4.966061e+03  5.455782e+03  9.317030e+03  1.992257e+04  1.269614e+04
    2        4.427680e+03  4.601424e+03  5.368881e+03  6.041720e+03  1.169988e+04  2.171533e+04  1.377806e+04
    3        4.966061e+03  5.368881e+03  7.111448e+03  8.042101e+03  2.163548e+04  2.895898e+04  1.785294e+04
    4        5.455782e+03  6.041720e+03  8.042101e+03  9.810812e+03  2.380710e+04  3.386508e+04  2.113191e+04
    5        9.317030e+03  1.169988e+04  2.163548e+04  2.380710e+04  1.533888e+05  8.999022e+04  4.673546e+04
    6        1.992257e+04  2.171533e+04  2.895898e+04  3.386508e+04  8.999022e+04  1.305274e+05  7.925742e+04
    7        1.269614e+04  1.377806e+04  1.785294e+04  2.113191e+04  4.673546e+04  7.925742e+04  5.017822e+04
# -------------------------------------------------------------------

#  Class ID     Number of Cells    Class Name
        6             47699         6
# Layers             1             2             3             4             5             6             7
# Means    
             7.625416e+03  7.843939e+03  8.151144e+03  8.312150e+03  7.746342e+03  7.177136e+02  7.695011e+02
# Covariance
    1        2.428572e+06  2.575311e+06  2.762425e+06  2.881618e+06  2.411133e+06  1.515364e+05  2.275103e+05
    2        2.575311e+06  2.746262e+06  2.948836e+06  3.074771e+06  2.583931e+06  1.652292e+05  2.435281e+05
    3        2.762425e+06  2.948836e+06  3.189392e+06  3.326175e+06  2.802749e+06  1.831860e+05  2.639922e+05
    4        2.881618e+06  3.074771e+06  3.326175e+06  3.484244e+06  2.935536e+06  1.960241e+05  2.788807e+05
    5        2.411133e+06  2.583931e+06  2.802749e+06  2.935536e+06  2.521147e+06  1.807995e+05  2.481676e+05
    6        1.515364e+05  1.652292e+05  1.831860e+05  1.960241e+05  1.807995e+05  3.028201e+04  3.293405e+04
    7        2.275103e+05  2.435281e+05  2.639922e+05  2.788807e+05  2.481676e+05  3.293405e+04  3.992484e+04
# -------------------------------------------------------------------

#  Class ID     Number of Cells    Class Name
        8            161697         8
# Layers             1             2             3             4             5             6             7
# Means    
             2.673460e+02  3.282054e+02  6.571734e+02  5.744612e+02  4.019686e+03  2.056050e+03  1.125583e+03
# Covariance
    1        8.825805e+03  1.027000e+04  1.351064e+04  2.266262e+04 -2.239301e+04  4.444176e+04  4.042893e+04
    2        1.027000e+04  1.352028e+04  1.947963e+04  3.373751e+04 -4.034398e+04  5.980039e+04  5.488287e+04
    3        1.351064e+04  1.947963e+04  4.385083e+04  5.805787e+04 -2.242534e+03  7.648943e+04  6.762929e+04
    4        2.266262e+04  3.373751e+04  5.805787e+04  1.027821e+05 -1.316675e+05  1.475787e+05  1.427156e+05
    5       -2.239301e+04 -4.034398e+04 -2.242534e+03 -1.316675e+05  1.006241e+06 -1.479602e+05 -2.273281e+05
    6        4.444176e+04  5.980039e+04  7.648943e+04  1.475787e+05 -1.479602e+05  3.853994e+05  3.089360e+05
    7        4.042893e+04  5.488287e+04  6.762929e+04  1.427156e+05 -2.273281e+05  3.089360e+05  2.796927e+05
