# Signatures Produced by ClassSig from 
#    Class-Grid __1000001
#    and Stack __1000000

#    Number of selected grids
/*           7
#    Layer-Number    Band-name
/*           1       Band_1
/*           2       Band_2
/*           3       Band_3
/*           4       Band_4
/*           5       Band_5
/*           6       Band_6
/*           7       Band_7

#  Type   Number of Classes   Number of Layers    Number of Parametric Layers
    1             6                  7                         7
# ===================================================================

#  Class ID     Number of Cells    Class Name
        1             50002         1
# Layers             1             2             3             4             5             6             7
# Means    
                286.81649     360.14659     491.82833     377.70491     277.60908     157.01668     115.55440
# Covariance
    1          4402.58603    3848.56359    5499.67984    4184.15738    -982.76677   -2445.20131   -2415.71560
    2          3848.56359    3645.97643    5419.83937    4394.28477    -195.96701   -1295.69617   -1374.11067
    3          5499.67984    5419.83937    9600.80083    8071.42369     110.94491   -1759.39339   -1938.55261
    4          4184.15738    4394.28477    8071.42369    7908.61521    1468.04050     288.72297     -81.36179
    5          -982.76677    -195.96701     110.94491    1468.04050    3188.89701    4332.33469    3850.71330
    6         -2445.20131   -1295.69617   -1759.39339     288.72297    4332.33469    6487.02934    5818.68926
    7         -2415.71560   -1374.11067   -1938.55261     -81.36179    3850.71330    5818.68926    5259.07291
# -------------------------------------------------------------------

#  Class ID     Number of Cells    Class Name
        2             32770         2
# Layers             1             2             3             4             5             6             7
# Means    
                645.67733     827.99423    1187.33409    1374.04953    2620.10015    2689.74797    2143.89908
# Covariance
    1         66238.76017   67910.76994   69156.94518   74485.10790   17758.07294   71811.92694   89500.16293
    2         67910.76994   76952.91202   81567.41872   89445.28858   16177.26293   80823.45639  102084.27465
    3         69156.94518   81567.41872   97562.18690  105944.52238   31341.19950   98351.31225  119443.72101
    4         74485.10790   89445.28858  105944.52238  129627.59427   19833.70501  124540.94028  148542.75470
    5         17758.07294   16177.26293   31341.19950   19833.70501  212825.29974  118985.78608   45331.26840
    6         71811.92694   80823.45639   98351.31225  124540.94028  118985.78608  271347.05494  227421.33408
    7         89500.16293  102084.27465  119443.72101  148542.75470   45331.26840  227421.33408  258016.18247
# -------------------------------------------------------------------

#  Class ID     Number of Cells    Class Name
        3            536927         3
# Layers             1             2             3             4             5             6             7
# Means    
                120.18237     196.99641     360.90605     375.20627    2018.54826    1122.75112     563.78798
# Covariance
    1          3066.19751    3030.23464    3368.41988    4573.05306    4878.00306   15451.07005    9916.95522
    2          3030.23464    3203.92302    3776.40982    5310.89177    5709.36134   16817.07060   10769.34711
    3          3368.41988    3776.40982    5044.40550    6932.01873   10800.27452   21220.66269   13174.29121
    4          4573.05306    5310.89177    6932.01873   10776.16148   10842.43589   30225.67368   19538.51187
    5          4878.00306    5709.36134   10800.27452   10842.43589   85514.70091   40135.08515   18262.39491
    6         15451.07005   16817.07060   21220.66269   30225.67368   40135.08515  100965.48232   63516.38882
    7          9916.95522   10769.34711   13174.29121   19538.51187   18262.39491   63516.38882   41619.66990
# -------------------------------------------------------------------

#  Class ID     Number of Cells    Class Name
        4            238000         4
# Layers             1             2             3             4             5             6             7
# Means    
                199.70961     259.01288     359.32217     498.74973     908.91773    1488.05351    1365.33729
# Covariance
    1          5614.65567    5654.98388    7001.53500   10003.23703   17594.10843   23221.78830   16937.95278
    2          5654.98388    5952.67595    7671.18944   11013.03909   19501.25282   26834.41455   20631.00497
    3          7001.53500    7671.18944   10472.78335   15240.67056   27584.50846   38609.25169   30268.52433
    4         10003.23703   11013.03909   15240.67056   23295.18605   44529.11153   56635.74172   40203.78259
    5         17594.10843   19501.25282   27584.50846   44529.11153   99915.19095  102573.08481   53034.56432
    6         23221.78830   26834.41455   38609.25169   56635.74172  102573.08481  189805.80877  173912.15870
    7         16937.95278   20631.00497   30268.52433   40203.78259   53034.56432  173912.15870  204477.22560
# -------------------------------------------------------------------

#  Class ID     Number of Cells    Class Name
        5            144742         5
# Layers             1             2             3             4             5             6             7
# Means    
                656.07595     837.63707    1209.28328    1668.25441    2739.57818    3976.71847    3123.11925
# Covariance
    1         18058.19107   18989.64357   25131.25758   37052.88178   37630.09266   66111.08259   79890.41234
    2         18989.64357   22468.73017   31241.17652   45076.86058   41967.59055   68180.78969   81168.94277
    3         25131.25758   31241.17652   46520.86353   68201.26819   62045.64369   91694.49168  113274.04692
    4         37052.88178   45076.86058   68201.26819  105028.24637   93929.37130  145329.27788  183540.26068
    5         37630.09266   41967.59055   62045.64369   93929.37130  124705.97002  152009.33099  179352.63124
    6         66111.08259   68180.78969   91694.49168  145329.27788  152009.33099  333781.01637  372186.56667
    7         79890.41234   81168.94277  113274.04692  183540.26068  179352.63124  372186.56667  473054.87969
# -------------------------------------------------------------------

#  Class ID     Number of Cells    Class Name
        6             67305         6
# Layers             1             2             3             4             5             6             7
# Means    
               2718.71185    2718.04983    2718.89460    2711.18126    3737.66306    1842.03220    1620.76119
# Covariance
    1        624399.88487  616483.68291  599022.32289  603853.44790  611671.30590  279710.46328  300939.88054
    2        616483.68291  609906.70089  591559.78111  597309.58050  604761.13354  282356.66746  301524.45461
    3        599022.32289  591559.78111  581995.52018  586848.63873  593465.38838  287618.80693  303454.84239
    4        603853.44790  597309.58050  586848.63873  593418.34670  599496.97554  298897.36539  312245.78168
    5        611671.30590  604761.13354  593465.38838  599496.97554  631335.93490  313837.60007  320174.12099
    6        279710.46328  282356.66746  287618.80693  298897.36539  313837.60007  249184.66001  221761.48063
    7        300939.88054  301524.45461  303454.84239  312245.78168  320174.12099  221761.48063  207501.86852
