# Signatures Produced by ClassSig from 
#    Class-Grid __1000001
#    and Stack __1000000

#    Number of selected grids
/*           7
#    Layer-Number    Band-name
/*           1       Band_1
/*           2       Band_2
/*           3       Band_3
/*           4       Band_4
/*           5       Band_5
/*           6       Band_6
/*           7       Band_7

#  Type   Number of Classes   Number of Layers    Number of Parametric Layers
    1             4                  7                         7
# ===================================================================

#  Class ID     Number of Cells    Class Name
        5            145720         5
# Layers             1             2             3             4             5             6             7
# Means    
                816.00551    1030.89177    1447.13430    1910.11615    3123.38963    3707.41505    2714.43190
# Covariance
    1         80327.93363   75900.84635   75690.66090   94580.09001   40832.61417   71874.40461  100049.90422
    2         75900.84635   76017.31410   81114.36014  104741.42358   50798.74185   85058.20520  107439.61140
    3         75690.66090   81114.36014   94760.09293  127072.89978   70691.87609  111867.41448  130638.25239
    4         94580.09001  104741.42358  127072.89978  177991.94975   99347.15967  171112.40789  191265.75201
    5         40832.61417   50798.74185   70691.87609   99347.15967  121250.34887   95031.99445   79587.80147
    6         71874.40461   85058.20520  111867.41448  171112.40789   95031.99445  278039.79285  278650.83524
    7        100049.90422  107439.61140  130638.25239  191265.75201   79587.80147  278650.83524  328487.17404
# -------------------------------------------------------------------

#  Class ID     Number of Cells    Class Name
        7            830192         7
# Layers             1             2             3             4             5             6             7
# Means    
                397.60237     460.64738     607.61979     626.55975    2137.80014    1234.50875     727.54887
# Covariance
    1         66670.51851   58293.27261   47922.91301   48858.67187   33195.28209   36366.07364   31056.97967
    2         58293.27261   51484.25877   42999.82014   44157.00588   31153.52304   34859.63779   29252.15364
    3         47922.91301   42999.82014   37785.28434   39095.75939   31810.48593   35651.93609   28558.13677
    4         48858.67187   44157.00588   39095.75939   41414.34247   32328.55019   39677.01547   31603.95889
    5         33195.28209   31153.52304   31810.48593   32328.55019   70096.91342   48802.54159   31238.69502
    6         36366.07364   34859.63779   35651.93609   39677.01547   48802.54159   72281.13316   49692.64743
    7         31056.97967   29252.15364   28558.13677   31603.95889   31238.69502   49692.64743   36059.68604
# -------------------------------------------------------------------

#  Class ID     Number of Cells    Class Name
       20             20267         20
# Layers             1             2             3             4             5             6             7
# Means    
                794.82829     972.23940    1343.98589    1768.31371    3370.47481    3225.49262    2030.58223
# Covariance
    1         28063.12605   29972.26212   33150.21513   42393.40520   29469.42294   41697.69635   34667.85227
    2         29972.26212   34005.08025   40297.08307   54092.83237   41584.90433   56894.99560   43960.16451
    3         33150.21513   40297.08307   52134.42741   72941.76027   63349.44527   81327.72046   58914.67697
    4         42393.40520   54092.83237   72941.76027  106762.28202   92898.87107  124929.78949   86490.35336
    5         29469.42294   41584.90433   63349.44527   92898.87107  131719.42198  100098.61771   61841.18544
    6         41697.69635   56894.99560   81327.72046  124929.78949  100098.61771  216541.65152  146130.39307
    7         34667.85227   43960.16451   58914.67697   86490.35336   61841.18544  146130.39307  106223.47615
# -------------------------------------------------------------------

#  Class ID     Number of Cells    Class Name
       23             50767         23
# Layers             1             2             3             4             5             6             7
# Means    
                588.50019     667.61223     815.49778     738.16528     825.16591     694.98339     553.65917
# Covariance
    1         51537.66233   49211.15399   49609.90631   47726.02846   52618.39676   38689.06415   31047.00226
    2         49211.15399   47631.76252   48604.39121   46948.70019   50925.06536   38756.56627   31492.39441
    3         49609.90631   48604.39121   51861.66024   50497.69234   50672.94676   40644.57500   33068.57182
    4         47726.02846   46948.70019   50497.69234   49746.73518   49589.58011   40622.88050   33124.32352
    5         52618.39676   50925.06536   50672.94676   49589.58011   64975.51900   50956.97045   42489.93868
    6         38689.06415   38756.56627   40644.57500   40622.88050   50956.97045   45344.41857   38573.11373
    7         31047.00226   31492.39441   33068.57182   33124.32352   42489.93868   38573.11373   33305.70145
