# Signatures Produced by ClassSig from 
#    Class-Grid __1000001
#    and Stack __1000000

#    Number of selected grids
/*           7
#    Layer-Number    Band-name
/*           1       Band_1
/*           2       Band_2
/*           3       Band_3
/*           4       Band_4
/*           5       Band_5
/*           6       Band_6
/*           7       Band_7

#  Type   Number of Classes   Number of Layers    Number of Parametric Layers
    1             7                  7                         7
# ===================================================================

#  Class ID     Number of Cells    Class Name
        1             50277         1
# Layers             1             2             3             4             5             6             7
# Means    
             2.868786e+02  3.599848e+02  4.913161e+02  3.779446e+02  2.787145e+02  1.577789e+02  1.159772e+02
# Covariance
    1        4.407014e+03  3.845870e+03  5.473716e+03  4.176393e+03 -1.031291e+03 -2.447650e+03 -2.409075e+03
    2        3.845870e+03  3.647112e+03  5.417081e+03  4.377650e+03 -2.583163e+02 -1.307182e+03 -1.373040e+03
    3        5.473716e+03  5.417081e+03  9.617062e+03  8.026569e+03  6.294696e+01 -1.743126e+03 -1.919918e+03
    4        4.176393e+03  4.377650e+03  8.026569e+03  7.904274e+03  1.547012e+03  3.984585e+02 -9.575312e+00
    5       -1.031291e+03 -2.583163e+02  6.294696e+01  1.547012e+03  4.146691e+03  5.019972e+03  4.223719e+03
    6       -2.447650e+03 -1.307182e+03 -1.743126e+03  3.984585e+02  5.019972e+03  7.108185e+03  6.169235e+03
    7       -2.409075e+03 -1.373040e+03 -1.919918e+03 -9.575312e+00  4.223719e+03  6.169235e+03  5.461788e+03
# -------------------------------------------------------------------

#  Class ID     Number of Cells    Class Name
        2              1016         2
# Layers             1             2             3             4             5             6             7
# Means    
             1.101965e+03  1.380970e+03  1.834607e+03  2.077786e+03  2.789374e+03  3.149390e+03  2.769475e+03
# Covariance
    1        3.598245e+05  3.719134e+05  3.895749e+05  4.081219e+05  2.899038e+05  3.729507e+05  3.752014e+05
    2        3.719134e+05  4.002411e+05  4.239950e+05  4.481180e+05  3.052635e+05  4.078432e+05  4.089179e+05
    3        3.895749e+05  4.239950e+05  4.712705e+05  5.014176e+05  3.493131e+05  4.725478e+05  4.667003e+05
    4        4.081219e+05  4.481180e+05  5.014176e+05  5.549386e+05  3.707183e+05  5.375544e+05  5.236719e+05
    5        2.899038e+05  3.052635e+05  3.493131e+05  3.707183e+05  5.044740e+05  4.718714e+05  3.826053e+05
    6        3.729507e+05  4.078432e+05  4.725478e+05  5.375544e+05  4.718714e+05  7.000816e+05  6.452571e+05
    7        3.752014e+05  4.089179e+05  4.667003e+05  5.236719e+05  3.826053e+05  6.452571e+05  6.813333e+05
# -------------------------------------------------------------------

#  Class ID     Number of Cells    Class Name
        3            536926         3
# Layers             1             2             3             4             5             6             7
# Means    
             1.201831e+02  1.969972e+02  3.609069e+02  3.752079e+02  2.018548e+03  1.122756e+03  5.637913e+02
# Covariance
    1        3.066211e+03  3.030256e+03  3.368453e+03  4.573101e+03  4.878258e+03  1.545123e+04  9.917069e+03
    2        3.030256e+03  3.203949e+03  3.776452e+03  5.310945e+03  5.709720e+03  1.681724e+04  1.076946e+04
    3        3.368453e+03  3.776452e+03  5.044481e+03  6.932108e+03  1.080087e+04  2.122092e+04  1.317444e+04
    4        4.573101e+03  5.310945e+03  6.932108e+03  1.077626e+04  1.084322e+04  3.022597e+04  1.953870e+04
    5        4.878258e+03  5.709720e+03  1.080087e+04  1.084322e+04  8.551524e+04  4.013727e+04  1.826361e+04
    6        1.545123e+04  1.681724e+04  2.122092e+04  3.022597e+04  4.013727e+04  1.009662e+05  6.351683e+04
    7        9.917069e+03  1.076946e+04  1.317444e+04  1.953870e+04  1.826361e+04  6.351683e+04  4.161998e+04
# -------------------------------------------------------------------

#  Class ID     Number of Cells    Class Name
        4            238000         4
# Layers             1             2             3             4             5             6             7
# Means    
             1.997091e+02  2.590124e+02  3.593218e+02  4.987494e+02  9.089187e+02  1.488054e+03  1.365337e+03
# Covariance
    1        5.614417e+03  5.654744e+03  7.001210e+03  1.000275e+04  1.759333e+04  2.322030e+04  1.693661e+04
    2        5.654744e+03  5.952437e+03  7.670867e+03  1.101256e+04  1.950047e+04  2.683304e+04  2.062981e+04
    3        7.001210e+03  7.670867e+03  1.047235e+04  1.524001e+04  2.758343e+04  3.860754e+04  3.026708e+04
    4        1.000275e+04  1.101256e+04  1.524001e+04  2.329415e+04  4.452748e+04  5.663311e+04  4.020152e+04
    5        1.759333e+04  1.950047e+04  2.758343e+04  4.452748e+04  9.991258e+04  1.025687e+05  5.303065e+04
    6        2.322030e+04  2.683304e+04  3.860754e+04  5.663311e+04  1.025687e+05  1.898000e+05  1.739081e+05
    7        1.693661e+04  2.062981e+04  3.026708e+04  4.020152e+04  5.303065e+04  1.739081e+05  2.044752e+05
# -------------------------------------------------------------------

#  Class ID     Number of Cells    Class Name
        5            144740         5
# Layers             1             2             3             4             5             6             7
# Means    
             6.560724e+02  8.376347e+02  1.209280e+03  1.668247e+03  2.739573e+03  3.976716e+03  3.123098e+03
# Covariance
    1        1.805822e+04  1.898986e+04  2.513170e+04  3.705351e+04  3.763047e+04  6.611208e+04  7.989043e+04
    2        1.898986e+04  2.246922e+04  3.124208e+04  4.507816e+04  4.196858e+04  6.818246e+04  8.116953e+04
    3        2.513170e+04  3.124208e+04  4.652241e+04  6.820357e+04  6.204706e+04  9.169714e+04  1.132752e+05
    4        3.705351e+04  4.507816e+04  6.820357e+04  1.050317e+05  9.393139e+04  1.453333e+05  1.835424e+05
    5        3.763047e+04  4.196858e+04  6.204706e+04  9.393139e+04  1.247065e+05  1.520118e+05  1.793523e+05
    6        6.611208e+04  6.818246e+04  9.169714e+04  1.453333e+05  1.520118e+05  3.337913e+05  3.721957e+05
    7        7.989043e+04  8.116953e+04  1.132752e+05  1.835424e+05  1.793523e+05  3.721957e+05  4.730610e+05
# -------------------------------------------------------------------

#  Class ID     Number of Cells    Class Name
        6             67308         6
# Layers             1             2             3             4             5             6             7
# Means    
             2.718703e+03  2.718040e+03  2.718886e+03  2.711171e+03  3.737664e+03  1.842037e+03  1.620759e+03
# Covariance
    1        6.243746e+05  6.164590e+05  5.989978e+05  6.038291e+05  6.116447e+05  2.796974e+05  3.009271e+05
    2        6.164590e+05  6.098826e+05  5.915358e+05  5.972858e+05  6.047349e+05  2.823434e+05  3.015117e+05
    3        5.989978e+05  5.915358e+05  5.819716e+05  5.868248e+05  5.934393e+05  2.876053e+05  3.034419e+05
    4        6.038291e+05  5.972858e+05  5.868248e+05  5.933945e+05  5.994707e+05  2.988833e+05  3.122325e+05
    5        6.116447e+05  6.047349e+05  5.934393e+05  5.994707e+05  6.313086e+05  3.138240e+05  3.201600e+05
    6        2.796974e+05  2.823434e+05  2.876053e+05  2.988833e+05  3.138240e+05  2.491741e+05  2.217515e+05
    7        3.009271e+05  3.015117e+05  3.034419e+05  3.122325e+05  3.201600e+05  2.217515e+05  2.074928e+05
# -------------------------------------------------------------------

#  Class ID     Number of Cells    Class Name
        7              1282         7
# Layers             1             2             3             4             5             6             7
# Means    
             4.476537e+02  5.832621e+02  1.078705e+03  1.212463e+03  3.286101e+03  2.936863e+03  1.912705e+03
# Covariance
    1        6.622559e+04  6.747884e+04  8.163667e+04  1.702462e+05 -6.210615e+04  2.478172e+05  2.519445e+05
    2        6.747884e+04  6.934910e+04  8.409350e+04  1.742327e+05 -6.050382e+04  2.531626e+05  2.567824e+05
    3        8.163667e+04  8.409350e+04  1.095821e+05  2.173208e+05 -4.270617e+04  3.159173e+05  3.114140e+05
    4        1.702462e+05  1.742327e+05  2.173208e+05  4.655797e+05 -1.571348e+05  6.763029e+05  6.693956e+05
    5       -6.210615e+04 -6.050382e+04 -4.270617e+04 -1.571348e+05  3.361243e+05 -1.634890e+05 -2.132405e+05
    6        2.478172e+05  2.531626e+05  3.159173e+05  6.763029e+05 -1.634890e+05  1.067734e+06  1.033837e+06
    7        2.519445e+05  2.567824e+05  3.114140e+05  6.693956e+05 -2.132405e+05  1.033837e+06  1.051331e+06
