# Signatures Produced by ClassSig from 
#    Class-Grid __1000001
#    and Stack __1000000

#    Number of selected grids
/*           7
#    Layer-Number    Band-name
/*           1       Band_1
/*           2       Band_2
/*           3       Band_3
/*           4       Band_4
/*           5       Band_5
/*           6       Band_6
/*           7       Band_7

#  Type   Number of Classes   Number of Layers    Number of Parametric Layers
    1             5                  7                         7
# ===================================================================

#  Class ID     Number of Cells    Class Name
        1             50262         1
# Layers             1             2             3             4             5             6             7
# Means    
                286.92424     360.04719     491.38534     377.99371     278.60161     157.67242     115.91578
# Covariance
    1          4398.94681    3837.73032    5464.85397    4169.75074   -1025.48903   -2448.22137   -2411.61411
    2          3837.73032    3638.91005    5407.85153    4370.93657    -251.16456   -1306.22499   -1374.35288
    3          5464.85397    5407.85153    9603.97622    8016.83520      58.83013   -1749.16586   -1925.11303
    4          4169.75074    4370.93657    8016.83520    7895.32803    1537.80170     381.47525     -23.20220
    5         -1025.48903    -251.16456      58.83013    1537.80170    3991.15427    4924.02277    4171.83977
    6         -2448.22137   -1306.22499   -1749.16586     381.47525    4924.02277    7022.01037    6114.83952
    7         -2411.61411   -1374.35288   -1925.11303     -23.20220    4171.83977    6114.83952    5426.78993
# -------------------------------------------------------------------

#  Class ID     Number of Cells    Class Name
        2             33235         2
# Layers             1             2             3             4             5             6             7
# Means    
               3104.48991    3099.44203    3089.42187    3085.18243    4075.93723    2005.07263    1806.05434
# Covariance
    1        310855.25310  313423.71944  311403.75357  321479.96551  292016.19110  166722.40222  175915.83912
    2        313423.71944  317677.86986  314427.37631  326024.24351  296644.01219  179389.51519  185175.79300
    3        311403.75357  314427.37631  322589.96281  333515.06677  303522.90714  200693.15269  201390.94040
    4        321479.96551  326024.24351  333515.06677  347172.41978  316279.48939  222544.93879  218501.46484
    5        292016.19110  296644.01219  303522.90714  316279.48939  296999.40883  210710.13280  203652.11739
    6        166722.40222  179389.51519  200693.15269  222544.93879  210710.13280  302896.90837  246154.64464
    7        175915.83912  185175.79300  201390.94040  218501.46484  203652.11739  246154.64464  208799.61683
# -------------------------------------------------------------------

#  Class ID     Number of Cells    Class Name
        3            536904         3
# Layers             1             2             3             4             5             6             7
# Means    
                120.17953     196.99496     360.90827     375.20918    2018.54706    1122.82495     563.81939
# Covariance
    1          3064.87821    3028.80125    3367.09822    4570.61678    4882.05450   15447.28801    9914.06583
    2          3028.80125    3202.32009    3774.83345    5308.01170    5713.27806   16811.82418   10765.41047
    3          3367.09822    3774.83345    5042.78378    6928.76516   10804.31109   21215.37218   13169.94222
    4          4570.61678    5308.01170    6928.76516   10770.12205   10846.85376   30212.46923   19528.83625
    5          4882.05450    5713.27806   10804.31109   10846.85376   85512.85317   40161.41472   18276.37435
    6         15447.28801   16811.82418   21215.37218   30212.46923   40161.41472  100945.71957   63499.32471
    7          9914.06583   10765.41047   13169.94222   19528.83625   18276.37435   63499.32471   41606.09386
# -------------------------------------------------------------------

#  Class ID     Number of Cells    Class Name
        5            145712         5
# Layers             1             2             3             4             5             6             7
# Means    
                655.01177     836.27100    1208.89960    1666.23387    2743.26154    3971.59690    3116.73764
# Covariance
    1         18568.87917   19545.58475   25593.78570   38348.89183   36219.01463   68174.60130   82097.78579
    2         19545.58475   23072.10064   31697.08549   46429.65775   40381.76663   70475.24673   83664.11263
    3         25593.78570   31697.08549   47004.73429   69424.06426   60949.93168   93477.27183  114972.28412
    4         38348.89183   46429.65775   69424.06426  108384.61596   90738.31143  150710.36018  189043.59405
    5         36219.01463   40381.76663   60949.93168   90738.31143  128192.93380  146312.33068  172452.96677
    6         68174.60130   70475.24673   93477.27183  150710.36018  146312.33068  342906.50612  381884.97413
    7         82097.78579   83664.11263  114972.28412  189043.59405  172452.96677  381884.97413  483512.09657
# -------------------------------------------------------------------

#  Class ID     Number of Cells    Class Name
        6            361917         6
# Layers             1             2             3             4             5             6             7
# Means    
                221.22906     281.10528     383.17290     537.23621    1020.22439    1521.15646    1327.56809
# Covariance
    1          5653.38637    5804.49053    7080.46832   10292.68210   20333.01213   22000.23876   13709.40282
    2          5804.49053    6228.97903    7919.12181   11644.09429   23461.55312   25228.08256   15939.85637
    3          7080.46832    7919.12181   10721.04718   16095.36600   33365.92662   35326.07776   22041.21239
    4         10292.68210   11644.09429   16095.36600   25696.73619   55480.19946   52317.04764   26855.98938
    5         20333.01213   23461.55312   33365.92662   55480.19946  141015.93114  100087.28145   22903.56354
    6         22000.23876   25228.08256   35326.07776   52317.04764  100087.28145  165646.23038  143644.51252
    7         13709.40282   15939.85637   22041.21239   26855.98938   22903.56354  143644.51252  183372.94460
